R 1
& 50 200
A 1 1
e 0 100 500  0 -54 -340  0 1 0
b .9 .7 .57
H 1 .8 .67 3000
g .7 .3 .2 0 2000
l 1 1 1  -1 .5 1
n 20 50 1.0 0.6
f 4  0 0 0  80
w  -40   60 -200  20 0.4 0.99 0.00
w -100 -200   87  35 0.2 0.99 0.00
w  203 -300  187  17 0.3 0.99 0.00
w  406   98 -132   6 0.3 0.99 0.00
w -207  154  -85  15 0.2 0.99 0.00
w  -88  -33   23  25 0.3 0.99 0.00
x 60 0 0 1  0 0 0  0 0 0  .1 .3 .5  500 1000 -2500  1500 0 -1000  -1500 0 -1000                
q   4 0 .5 1  0 0 0   .0  .0  .0   .0  .0  .0  -1500 0 500  0 0 -3000  4500 0 0
q   1 0  0 1  0 0 0    1  .8  .67   1  .8  .67 -1500 0 -2500 0 2000 0 4500 0 0
