! ********* OLDBRICK.DAT *********
R 1.00
A 4 0.75
e -150.00 100.00 200.00   560.00 -290.00 -720.00   0.00 1.00 0.00
b 0.20 0.70 1.00
l 0.80 0.80 0.80   1.00 0.60 0.50
l 1.00 1.00 1.00   -1.00 0.90 0.70
m 0.00 0.50 0.70  0.40  2.00  2
{
q 20  0.70 0.00 1.00  0.00 0.00 0.00  0.10 0.00 0.00  0.90 0.60 0.50  0.60 10.50 -0.10  48.00 0.00 0.00  0.00 -10.50 0.00
q 20  0.70 0.00 1.00  0.00 0.00 0.00  0.10 0.00 0.00  0.90 0.60 0.50  0.60 10.50 -0.10  0.00 0.00 -48.00  48.00 0.00 0.00
q 20  0.70 0.00 1.00  0.00 0.00 0.00  0.10 0.00 0.00  0.90 0.60 0.50  0.60 10.50 -0.10  0.00 -10.50 0.00  0.00 0.00 -48.00
}
s 20  0.70 0.20 1.00  0.00 0.00 0.00  0.10 0.00 0.00  0.10 0.30 0.10  24.00 12.00 -24.00  16.00
s 20  0.70 0.00 1.00  0.00 0.00 0.00  0.10 0.00 0.00  0.90 0.60 0.50  0.00 10.50 -48.00  8.00
s 20  0.70 0.00 1.00  0.00 0.00 0.00  0.10 0.00 0.00  0.90 0.60 0.50  48.00 10.50 0.00  8.00
w  0.00 0.00 0.00   20.00  0.40  1.00  0.00
w  50.00 0.00 0.00   20.00  0.30  1.00  0.00
w  -100.00 0.00 30.00   10.00  0.20  1.00  0.00
w  0.00 0.00 -47.00   15.00  0.20  1.00  0.00
w  10.00 0.00 200.00   10.00  0.30  1.00  0.00
r 4  0.00 0.70 1.00  0.00 0.00 0.00  0.00 0.00 0.00  0.00 0.00 0.00  0.00 0.00 0.00  1.00 0.00 0.00  0.00 0.00 1.00  0.00 100.00
