! ********* RING.DAT *********
R 1.00
A 4 0.50
& 140 170
b 0.20 0.10 0.00
e 0.00 300.00 1000.00   0.00 -65.00 -216.00   0.00 1.00 0.00
L 0.90 0.90 0.90   295.00 600.00 500.00   700.00   50.00
k 1.00 1.00 1.00  100.00 100.00 100.00  0 0 0
w  -500.00 0.00 -200.00   13.00  3.00  1.00  0.00
w  -200.00 0.00 450.00   13.00  3.00  1.00  0.00
w  350.00 0.00 -275.00   13.00  3.00  1.00  0.00
d 0.00 0.10 0.40  2.00  0.30  2.00  1
s 40  0.00 0.05 1.00 5.00 2.50   0.00 0.00 0.00  0.00 0.00 0.00  0.10 0.10 0.10  -300.00 100.00 0.00  75.00
s 40  0.00 0.05 1.00 150.00 5.00   0.00 0.00 0.00  0.00 0.00 0.00  0.10 0.10 0.10  0.00 100.00 0.00  75.00
s 40  0.00 0.05 1.00 1000.00 5.00   0.00 0.00 0.00  0.00 0.00 0.00  0.10 0.10 0.10  300.00 100.00 0.00  75.00
{
q 50  0.00 0.50 1.00 100.00 0.00   0.00 0.00 0.00  0.10 0.10 0.10  0.70 0.30 0.00  -400.00 10.00 400.00  0.00 0.00 -800.00  800.00 0.00 0.00
q 50  0.00 0.50 1.00 100.00 0.00   0.00 0.00 0.00  0.10 0.10 0.10  0.70 0.30 0.00  -400.00 10.00 400.00  800.00 0.00 0.00  0.00 -10.00 0.00
q 50  0.00 0.50 1.00 100.00 0.00   0.00 0.00 0.00  0.10 0.10 0.10  0.70 0.30 0.00  -400.00 10.00 400.00  0.00 -10.00 0.00  0.00 0.00 -800.00
}
