R 1.0
& 0 486
a .25
A 4 .2
e 0 180 200  -0 -320 -350  0 1 0
b 0 0 0
L .99 .99 .99  -40 20 50  60 4
L .99 .99 .99   40 20 50  60 4
s 0 .0 0 1  1 1 1      0 0 0    4.4 4.4 4.4   -40 20 50 4
s 0 .0 0 1  1 1 1      0 0 0    4.4 4.4 4.4    40 20 50 4
k .1 .99 .1 10 10 10 0 0 0
q 50 .0 0 1  0. 0. 0.  0 0 0  .8 .1 .1   -150 -50 -153  300 0 0  0 0 300
t 0 .5 .1 .4  0 0 0 .8 .4 .1  .8 .4 .1   0 25 0  50 -50 50  -50 -50 50
t 0 .5 .1 .4  0 0 0 .8 .4 .1  .8 .4 .1   0 25 0  50 -50 50   50 -50 -50
t 0 .5 .1 .4  0 0 0 .8 .4 .1  .8 .4 .1   0 25 0  -50 -50 -50 50 -50 -50
t 0 .5 .1 .4  0 0 0 .8 .4 .1  .8 .4 .1   0 25 0  -50 -50 50  -50 -50 -50
s 0 0 0 1  0 0 0   0 0 0  .0 .2 .99   0 75 0  40
